25   1895   779  ***
24   2234    43  ****
23   2816    25  ****
22   2165    80  ****
21   3023   111  *****
20   3257   268  *****
19   2795  1058  *****
18   4061    80  ******
17   4324   111  ******
16   4700   274  ******
15   4551    98  ******
14   5421   568  *******
13   5295   110  *******
12   5632  1130  ********
11   6500   144  ********
10   7516   401  *********
 9   6890   215  ********
 8   7854   605  *********
 7   8429   426  **********
 6  12269   872  **************
 5  13820  3044  ******************
 4  16383  1109  *******************
 3  18571  2371  **********************
 2  22349  3677  ***************************
 1  29748  9782  *****************************************
